1170
984
1748
2426
1228
1959
2100
1973
1535
1370
1836
970
1618
1328
2660
252
337
926
1445
1594
1379
365
951
1917
2555
2749
293
1622
2022
461
1786
249
408
2663
2220
1970
1892
1566
905
230
1
1358
54
936
2426
1768
2331
2388
1947
2384
2978
2581
2773
275
2774
1588
2381
1246
696
2688
2445
1
294
507
2440
1920
1720
252
1198
1846
2548
1950
141
1825
1037
211
2461
1426
2469
547
2071
1240
1620
1522
574
624
1796
2328
127
453
424
1194
1493
2820
144
665
918
2852
163
1649
705
1077
84
2455
2207
1668
2695
2116
626
2538
1821
2926
2683
560
1408
1466
380
2538
2838
1315
2337
1453
2486
1588
1442
2639
2094
472
1068
30
2585
2731
1993
920
600
2078
401
2392
948
1635
681
526
1128
652
2996
539
1594
1954
1822
960
695
2718
923
1689
2171
2838
1561
1121
597
2902
2229
344
2722
1131
348
1143
579
2565
2057
2899
1956
619
2875
570
930
457
2267
514
1722
672
2880
2711
942
374
2264
2019
660
1716
1233
1256
2828
1487
2525
1763
730
1009
456
101
921
1596
1338
2982
2772
2205
2506
984
2574
2346
1787
337
2127
1118
1591
992
43
2277
66
878
2224
2697
2244
2073
2209
1294
661
2610
1287
2549
1248
55
624
1916
1897
145
627
2373
459
361
2277
2212
2237
716
2939
646
67
2299
2389
2071
210
702
1574
230
107
346
45
87
11
1801
106
1708
1908
221
333
340
1072
2307
1665
923
2804
1290
1720
650
106
961
2534
1063
466
127
1900
718
2476
98
638
510
1465
2586
2787
1753
1488
933
1459
546
2961
767
1451
528
1797
154
555
2916
990
1952
523
2883
1315
568
302
2234
2502
736
1469
2659
2179
116
2556
978
2561
812
761
643
2910
1612
264
1813
738
196
1678
2823
2890
1988
1146
2706
1493
2049
1642
1037
759
2238
585
1300
323
2023
1623
40
521
1617
1915
2173
536
1138
2140
2993
2792
1267
2119
1916
1167
222
41
2820
1888
2054
301
746
1930
961
1227
2333
404
400
242
783
487
2974
2450
1766
1815
235
1822
153
2881
272
2317
205
2906
2798
1976
639
823
1831
666
1080
687
2062
2
2194
663
554
2887
2544
1553
2432
1333
2856
976
1045
1579
348
1200
2540
1049
2298
2983
2359
1548
1720
2833
885
1038
771
2665
1249
1737
2951
1279
2559
593
722
174
555
1616
2748
2487
269
1933
38
1917
1942
2013
1241
2908
1391
1751
2311
1685
597
1609
1781
2628
1252
1116
850
336
2160
1210
81
2829
469
1353
2063
2822
410
2145
2354
1462
1486
2967
33
2892
1741
1341
2503
2351
629
1914
353
16
750
1673
1966
1104
18
2612
229
788
1630
1638
1938
2133
2938
2190
1858
2427
2780
797
1815
142
2559
1988
2278
261
1115
1950
1975
1521
1831
1353
2444
2366
2250
2646
2973
2437
2340
2091
2331
1783
1508
288
1775
2442
2621
1792
2906
1763
2790
1192
2776
1725
2375
2820
1476
2547
879
2555
2745
2247
2724
2334
405
994
711
1371
1210
1241
1334
227
2809
2390
1123
2324
2174
1440
432
927
2715
567
1346
2802
1213
1939
2270
48
1761
2397
933
1424
1708
1381
3
659
504
1010
174
1013
1010
1879
2245
2351
929
1713
860
2418
1930
1199
497
167
2418
984
2776
825
1624
2724
2044
587
717
658
739
438
660
1888
40
1657
2349
2920
1386
51
696
171
2135
326
583
1935
2784
2293
1359
1420
2363
2107
2649
2127
370
2277
2467
7
2310
2886
130
621
2801
2054
2541
2474
2668
1332
1786
1413
1745
1042
1570
1795
1586
2741
2905
2828
2637
2924
1492
2710
844
735
1411
2750
1999
2560
2711
1888
379
2998
1870
1989
1066
2472
825
710
160
1527
803
2706
1633
1025
1485
472
1538
570
2156
1027
1924
650
2629
1280
462
1923
284
2307
1776
2311
2037
2665
560
2058
2746
2712
2984
288
441
799
2680
2606
1
2734
2632
1084
1000
2680
963
2453
2010
666
32
1121
2837
2856
2469
2236
1093
2613
2894
1894
2376
2268
2154
488
1811
281
2544
1610
1747
1108
2
627
344
1843
801
2004
1829
132
102
1369
1054
1393
1552
1099
2579
380
2722
1002
205
1150
2504
695
2283
1833
719
2999
972
1980
1766
1557
1581
1039
1505
366
802
2202
689
1938
564
686
1
1495
1220
1152
2421
1483
2165
477
2124
2146
339
1411
522
630
889
2852
813
1665
980
337
608
949
153
595
2250
1216
1312
2445
2187
173
1469
880
2261
518
896
638
1612
82
822
1470
1264
1256
2858
1173
1792
29
2784
305
2216
1111
1249
2919
2376
2245
2487
760
112
2206
2307
2216
2080
662
2927
821
1478
2592
1319
1608
619
2607
1866
290
1301
2862
332
891
656
191
2390
6
2629
2387
812
560
487
2816
64
427
2528
888
1941
1612
2852
432
1835
1046
1281
2475
357
1390
175
1307
2449
1232
2958
1589
1896
2457
2636
2961
833
951
1760
2863
814
2420
1192
2736
24
2210
2531
752
1039
2907
2489
550
428
1518
271
2654
1562
761
584
1957
429
669
2730
436
2548
1488
962
1806
1947
939
2241
2121
747
1713
1878
2496
1226
2126
1763
1207
409
1419
1083
1436
2016
1415
2541
1692
1372
769
60
133
288
2172
334
2965
782
309
30
2588
1847
254
684
1980
275
2590
1230
1576
2170
154
1149
194
1158
1881
2117
2486
1334
1811
2022
261
2756
2717
322
2031
1286
2559
680
1338
1051
936
2617
1583
606
955
851
2614
1810
2087
2391
1726
2347
2973
650
392
1898
1980
1092
786
1293
2683
2516
1412
249
299
76
2412
2451
2108
1738
1457
1591
2551
1332
2783
444
2241
582
747
1510
634
1100
1006
374
2552
153
1257
94
1401
525
1045
168
589
1540
2909
1768
1163
2219
2136
2271
2190
2487
1904
186
345
2289
207
341
2056
780
1957
2678
2054
1444
1357
2200
1493
1886
1294
878
2887
569
734
94
1199
669
592
2115
2261
611
2221
1601
1077
1570
573
1330
2269
1997
1893
878
1264
662
1747
499
136
451
1790
1392
991
1381
2478
380
1865
2353
455
1194
1782
2350
99
52
1271
1208
485
487
1763
501
2802
1095
1326
2015
476
1679
2897
1796
1738
1910
654
1220
2767
1591
2879
1071
2247
2924
2582
225
2237
2109
1467
2026
1045
251
1894
382
2565
361
22
2178
2235
1051
2875
2305
131
804
2632
1085
1597
1645
912
2284
2945
2186
2152
820
2641
1866
728
2509
667
2972
2280
1879
2035
641
304
1773
843
1690
2615
2715
2747
2093
1340
2066
2526
1750
2157
2169
791
546
1077
506
744
757
148
1777
52
1530
1075
2446
805
1929
1095
2190
2686
2342
798
2950
945
2915
1450
1932
1303
2442
2107
1998
1822
432
2814
998
732
68
2179
51
2574
986
2648
1683
370
1274
178
1346
1662
1204
536
111
2362
1326
2611
1814
519
1124
2703
130
1929
1070
2966
1799
1413
1512
791
2225
2897
659
1600
1802
1788
1066
1658
591
1694
1588
604
2174
2484
1342
1979
1837
1341
1930
72
1640
2983
1155
78
437
771
2329
1910
1464
2983
645
2484
477
2146
1348
1249
1497
443
1772
2476
1408
1560
2463
1090
782
1591
745
1414
2994
2802
2602
1695
913
2185
2090
2521
2275
1218
947
843
687
1855
2791
1270
2649
676
1760
891
1911
1829
858
1239
2717
180
2089
1914
516
939
1901
1835
1757
2263
2205
1990
1795
602
2656
2900
287
748
1545
2661
2550
2747
388
2153
1685
1169
1107
1731
223
926
1082
162
255
2978
1986
224
174
1493
509
598
2039
1451
1828
2024
1177
1197
1057
288
1632
2417
2261
201
1863
2571
1792
2567
724
1019
2256
889
818
64
339
2161
2075
2962
2112
1839
1914
1302
1373
397
1059
2918
611
2855
1609
993
2213
616
374
2952
2172
2816
1623
1160
2010
2772
2828
596
2346
2059
370
174
1265
1422
2990
1966
797
8
1165
1617
168
2748
404
1624
857
1666
359
1938
2874
2572
72
2785
2756
2682
294
2777
2717
162
20
1718
2109
1621
1182
658
1464
1824
496
2152
2495
961
2425
2656
1792
955
438
2558
2265
2383
2935
1436
2796
473
1763
641
2411
450
1067
2408
2309
2579
318
144
2129
1712
272
1821
923
814
2511
74
1589
2127
1760
1011
883
16
2859
1838
2887
1083
1692
2128
2960
1232
2065
2224
2676
33
2304
1001
1821
702
2841
78
37
1689
2232
268
1430
2808
2909
177
572
2819
1712
2466
1176
1254
772
1446
563
278
637
2680
259
2273
1042
2537
2757
891
2758
250
1059
289
926
24
2126
1955
660
1503
1604
1080
1024
2598
2854
2061
2574
2822
1026
882
74
858
2879
630
2614
1758
313
494
731
1791
2270
512
743
2489
1369
2152
2710
1112
1775
2638
273
1769
96
2807
2313
171
1306
352
391
558
2900
2012
1123
1105
1992
800
410
1168
1958
2605
1736
2452
296
2777
782
2821
1812
2907
2791
1885
141
2187
2146
2864
1364
1589
703
1131
2894
1018
2737
2974
2894
2465
2507
2764
2741
1355
1273
685
1028
2337
439
10
2077
2283
2806
1441
314
1638
2240
2317
179
425
1512
1349
1505
2233
184
1700
2038
2576
637
1509
83
752
1900
1906
2319
1707
1560
965
1157
302
1766
377
2775
2755
722
1042
1416
2840
1323
2331
2375
878
2210
1293
245
2148
2795
1580
2391
2968
2258
395
2900
2013
1071
1514
992
1424
1313
1613
1335
871
1919
1157
2169
363
784
108
2341
2611
2688
285
2766
2027
2696
331
980
988
1267
233
1163
1205
2362
2594
2897
2854
345
178
1715
1293
1714
2600
951
470
537
1832
2020
69
1413
713
2929
2203
1484
1676
1386
1163
2851
2354
2947
1863
2912
224
1265
913
349
812
2807
1454
199
1608
2852
1681
2542
2736
704
2810
2246
1428
1488
1323
132
257
2006
744
1505
534
1925
2459
2246
117
481
1896
2738
2509
1683
951
109
146
2940
2117
2311
393
691
833
204
2998
1455
1911
555
1810
2673
195
270
2453
617
536
2728
2934
1063
2957
1986
1978
490
1032
2881
826
2491
1724
2608
2321
1192
2713
605
1258
1235
2365
2521
377
915
2544
1219
2487
417
1893
624
2596
1927
656
365
23
1716
1226
18
230
1461
286
1529
1265
1312
321
855
1647
301
48
3
1321
1972
2668
1025
1386
2680
1901
2714
504
1055
1432
18
2651
2074
1892
1822
2451
2233
1827
38
1399
2787
1402
1593
2925
1567
2835
33
1785
2411
1045
1841
317
27
2424
2082
2117
1552
533
1959
386
48
529
1083
1844
27
1545
2536
2169
1898
838
140
673
1160
2002
2189
2982
974
747
1285
1338
2281
138
2860
1514
2112
348
1363
452
1364
1160
1125
2986
1565
2111
137
2555
2200
2278
379
106
1988
2530
1848
2569
404
397
2220
2209
2129
2801
2993
284
413
2490
420
2728
1089
1877
232
107
875
961
2814
2991
1811
848
551
1737
264
612
1031
2643
2613
1651
1572
515
2374
2515
1486
920
2958
2771
2090
1039
1507
1042
1805
631
981
2422
1932
1266
1267
635
1704
648
401
731
8
529
562
925
1425
2755
1296
2363
2549
1807
1566
538
440
1300
2783
2894
2225
1478
1633
2884
785
1714
14
308
1275
2163
2969
200
2193
62
2747
796
2927
1496
1124
880
735
754
129
352
1376
599
1851
1635
1052
2063
1781
1433
2992
1929
2203
166
2447
2983
914
155
232
1305
1354
1706
1241
471
45
914
1740
2169
1423
2505
742
1172
1721
2512
123
1313
909
2627
105
1955
773
2162
1164
1581
51
212
919
322
1095
2842
2076
213
795
548
1637
1691
1415
2513
752
1222
864
2763
1893
1794
1774
2558
777
2985
1021
1090
474
2188
2539
636
2617
2941
840
2109
2455
971
775
2828
473
1059
1110
919
2910
585
1344
1079
637
1199
1794
2501
650
1756
1581
57
164
2824
1982
1237
2582
1875
1412
2964
2741
873
2719
1045
2975
443
2731
2783
294
455
130
802
2238
1172
1526
2855
757
944
1286
502
1313
2437
612
1910
1668
860
186
2811
256
512
1079
789
642
306
784
685
2762
912
861
611
1816
1519
2279
626
1554
1283
1220
1993
1568
1277
2430
51
172
2747
165
2146
2642
625
32
2760
2235
477
1092
2103
1708
629
680
2665
258
916
2223
109
1424
903
1285
2156
442
1067
1167
507
1931
1347
506
94
2301
1501
164
2436
1193
2922
2374
704
369
884
201
1257
215
522
2138
927
2141
1512
1650
2501
1261
164
2531
1598
2882
2296
2281
2920
1767
1465
2443
2854
1031
775
829
2170
1639
1376
953
1949
377
1118
1615
2777
2039
778
2506
123
2021
402
2819
147
2205
1995
2685
1965
876
2208
1615
764
2077
986
1803
407
1909
279
62
2011
708
1266
1968
22
1957
133
1110
312
2277
1381
629
116
2310
2207
2566
823
1048
2946
1333
2321
2940
1061
1119
2874
1190
2467
72
14
1560
1730
2605
347
2841
944
873
2198
823
2457
341
1954
2287
2275
1642
97
679
976
1360
2615
1440
1083
1409
2456
1358
897
891
2089
2110
2034
1017
2304
1483
849
2865
2408
1536
2952
581
593
1200
559
2783
781
1018
723
2433
2984
622
103
2940
2553
1824
2223
2614
498
968
82
1672
108
968
2345
2361
1674
1724
961
2932
1468
1526
1512
2939
2329
2368
2591
849
2862
2422
2269
2679
613
792
985
733
2407
2038
2982
2735
2940
628
2780
2300
334
1402
2455
383
2251
2586
2714
1461
1945
2498
1416
893
1869
2824
472
2277
2657
1454
1175
153
1187
1529
2616
372
743
2625
2623
2963
1446
1251
2257
2705
1761
1487
1901
899
834
2389
1627
1001
2936
2493
1856
2557
1891
2241
2479
492
2093
2870
2229
1834
2045
1950
2777
2313
1088
388
127
2187
1062
1373
1205
1251
2636
2828
1922
540
319
2592
2800
768
1790
47
2629
1200
311
1557
2781
1985
1619
1347
2595
1955
1847
71
1338
1149
454
880
403
1414
2125
559
2202
2138
2460
2116
845
2643
2572
1576
1885
2538
849
217
2123
2943
1802
1158
555
103
2421
1989
59
617
1609
2982
2129
2209
759
315
2747
2247
1112
830
2302
821
1379
771
2553
1009
1492
1001
2608
115
284
2347
2481
1736
2358
2290
2635
1015
1483
2355
118
371
1172
1288
956
1530
1233
1566
428
699
762
38
1165
2953
2146
1157
433
2651
1414
950
1555
634
953
1376
726
2727
25
197
1212
527
404
2199
1553
2338
2097
2796
2246
3
883
356
2981
1475
398
543
2072
2046
2711
2371
1672
537
2656
2248
332
2341
2125
1476
1417
1741
2478
409
48
2474
1603
562
1590
1352
2738
293
75
489
842
1565
2138
1504
1115
2814
747
2794
2128
1485
933
2019
1114
36
2868
408
492
1143
1430
118
2671
459
537
1223
2123
2299
1512
1788
614
1385
1487
297
594
2720
81
1469
263
1185
2610
1266
1987
1417
516
1746
1818
555
148
2899
115
2353
770
1884
1103
519
2082
2964
2178
299
2130
2928
1731
1438
2469
2014
1247
1942
16
1941
1209
891
1147
2722
2731
103
37
2664
2456
1406
274
2487
832
465
1541
579
2288
1149
1837
2990
1919
1428
1637
956
2500
92
521
2420
690
579
39
955
19
2831
1738
2847
2357
2284
2403
641
2836
706
2182
2315
816
746
2465
650
1358
2122
2218
2553
325
35
2450
207
2464
1009
2738
1231
2155
2305
2771
1940
2315
1093
1932
449
2147
788
2820
727
2209
2022
1460
146
73
2200
147
471
337
2209
695
2055
1038
111
1300
2690
1954
571
622
2215
2831
961
1379
1512
499
1126
1327
1173
1643
2259
574
1568
986
32
369
2590
652
1585
102
425
2054
615
1985
1632
1033
1111
53
2300
2363
4
1715
1271
242
880
759
149
1511
68
2750
2733
14
1037
74
1312
2686
268
650
779
974
2054
2069
2597
2836
1681
2852
806
1312
2183
1309
2636
370
1565
1289
967
1082
404
1097
2276
1418
547
2748
1552
2989
1009
430
1367
2532
1815
467
1974
275
2128
2061
2964
779
2674
1449
179
2043
1066
240
55
1931
2490
2144
2437
2371
1742
329
450
1923
1857
348
541
1123
443
2742
375
2421
1428
2146
1345
1839
1178
1832
996
77
663
1094
1301
1331
1678
2179
1926
2801
408
117
2306
1638
1111
2122
372
478
708
1406
1586
977
2625
2409
1480
568
1899
1323
1410
250
1295
2412
1700
1322
166
2507
466
1115
1888
1766
2281
1280
1368
1871
1489
2011
129
1452
5
563
1746
397
2178
1104
728
2948
2594
16
836
240
2043
623
2020
1665
443
2380
111
2048
172
2159
2536
2360
1230
827
44
2366
1993
2964
171
782
340
1191
2551
547
1917
1071
2789
1970
2044
2276
2989
1283
1116
2537
2412
197
265
1012
186
2486
898
1044
2065
1843
2521
2124
2164
1424
2465
2925
2003
664
890
1526
592
1253
131
2095
673
165
1439
367
342
52
2212
1831
554
1201
1713