903
1798
1843
2941
2513
2798
1826
162
813
995
1995
2394
2320
1234
2147
2508
1115
1638
2609
69
1703
1589
2786
512
1468
2327
619
386
372
2511
2047
2345
2093
1762
1111
2216
1111
262
824
139
519
2779
503
2911
2175
310
1755
1850
1888
2725
445
2184
2242
1321
2837
845
1333
1014
1264
1655
1998
2026
2026
963
1009
66
1118
603
2001
2435
20
1856
1108
876
1673
362
53
898
2362
810
2365
2910
1708
2917
835
2581
1453
1535
212
58
1276
1291
2159
729
2451
2890
722
1150
242
1505
595
1984
2630
2616
2339
295
264
300
2833
2028
1834
2529
206
2664
1489
2411
1513
260
358
968
2913
1261
1770
1183
1364
1894
2969
733
1566
1976
2570
741
1833
1966
205
140
2971
2346
494
1732
2382
71
611
1683
1872
1170
112
930
681
660
1945
2568
1040
2176
247
2348
2637
1202
854
1377
1334
2159
1574
2270
1462
1372
2276
2015
492
2785
2052
2202
1107
1465
604
2266
1618
2920
732
2366
2667
145
2392
1623
1474
1795
799
2701
449
999
1551
1329
1199
1806
627
62
2207
1317
388
2086
1739
1005
168
2451
2966
1678
1059
1806
1357
2052
1671
1007
2323
2823
2124
87
1253
1120
276
762
2049
190
1181
303
2336
1286
669
38
804
264
967
1837
962
793
1621
409
2449
1989
2364
1983
1162
1696
1847
210
1868
2566
576
2919
1567
2122
150
2795
697
2332
2027
2488
1000
589
2086
2174
212
626
670
701
2551
1235
533
1299
994
512
1493
908
465
2713
879
2002
2555
2923
533
694
2460
2890
2187
2767
984
130
2485
1928
174
2833
2690
981
2363
1836
2286
1098
2592
2899
661
1016
2907
718
2484
1829
1688
1269
2549
1529
2199
595
2725
1297
2122
2653
85
1690
2389
2050
1006
2507
1189
2192
8
376
318
1927
1394
100
932
253
1286
2514
368
2731
2358
617
94
801
804
821
735
2382
2395
2399
2637
582
888
2645
1156
68
2407
61
2243
1520
720
35
1903
698
2081
831
169
601
2670
124
1078
1639
2972
340
1793
2281
1993
1318
2522
684
1047
2436
2814
312
2780
2441
1415
461
1085
2144
764
716
2538
700
1637
1176
1737
2208
2504
1743
102
1587
1049
1537
400
1723
1266
2799
2858
769
1190
510
890
1076
473
887
445
1010
1211
1390
2489
990
239
1650
337
936
1682
1765
2481
279
442
2391
1221
2659
14
1424
2468
1826
764
1163
2679
975
2769
2771
555
846
715
2573
1976
930
1764
278
1106
697
1753
816
401
2724
1305
2084
2578
1054
2130
1505
1370
2212
1459
2228
2582
1481
713
2048
293
1568
1191
623
393
1832
2287
1002
392
2048
2727
1736
2612
1273
2990
320
1992
215
33
1974
1818
2584
2705
1603
2090
1536
839
2796
1833
2391
1683
1743
1274
2162
406
325
2499
1707
858
2271
279
1107
1048
2076
627
2036
2869
2275
1512
757
1551
1753
1777
1782
2201
14
2009
2759
2187
923
2157
527
644
2698
2329
2652
1853
2879
1736
1496
2632
2877
1228
2527
150
2144
227
1198
1426
2628
2380
668
1350
696
1693
2901
2493
1646
1061
1936
2461
869
2540
885
2359
2946
1387
1551
518
950
1878
2855
2820
2190
1695
2692
1383
1136
2006
46
1220
1538
2340
919
1713
2312
600
197
1539
1280
1418
1
255
243
665
624
510
1785
2004
2416
693
611
89
2893
52
2630
2362
54
2179
821
1811
2090
2422
1314
1186
2576
2216
903
195
626
1379
319
1205
1974
705
450
274
1001
1552
1017
413
520
2669
1912
414
1341
2438
2784
1968
1127
50
1590
922
2118
1014
856
390
2393
1416
530
1606
1754
2198
1307
2250
2977
155
700
1259
309
2471
63
2656
426
294
970
255
2909
2374
1047
2945
2547
495
779
444
265
1364
714
227
1311
1674
1099
429
1118
1269
2899
1629
2937
761
1744
2174
1363
1048
1862
461
2130
1609
1617
363
212
1364
1458
138
126
92
1750
2670
119
1912
2641
1646
2151
1654
2527
629
2602
20
66
2563
2809
353
1773
749
1194
2639
648
2137
2842
2642
1408
2312
1318
808
2553
633
15
187
385
556
1691
2108
1888
2940
1614
518
1737
2964
1171
1146
275
1646
1442
2041
2627
1228
546
1313
1093
290
1379
2668
1041
1269
2023
96
899
2111
2930
2007
1891
393
2464
980
717
73
853
2765
39
1527
305
69
1987
375
2490
2747
2336
1085
2362
2700
2538
1366
2079
1030
1490
182
2448
2019
2712
2200
2524
2117
389
651
2014
91
1693
2695
2793
1918
2239
75
1293
2664
282
126
1839
1025
2731
116
1724
1693
2452
2163
1223
690
2173
1062
1749
836
1590
1923
194
2455
2591
507
2010
2197
1973
901
2805
2030
1209
2570
2677
492
2083
840
2644
2982
1770
1981
1038
390
76
1351
386
529
2501
994
822
1449
1805
1546
1896
2536
2518
2092
1897
2905
944
514
693
2942
225
2838
2759
1396
650
2777
1727
1599
585
917
1976
573
1810
1337
2163
1528
43
1646
2049
833
924
2353
1309
84
1111
1982
1693
2911
281
74
2903
304
1632
476
482
2179
1616
2720
1028
2019
2554
1222
2017
747
2549
2731
2254
1102
2778
1187
403
1723
727
1372
2227
532
977
334
113
2621
630
1660
519
2499
2239
1869
337
517
2956
2194
1444
2914
463
2722
1320
2861
386
824
693
2778
1596
1709
585
1123
585
1736
1587
2446
575
2691
2855
1480
1520
1218
2257
2443
1927
2040
241
2274
2465
1860
1616
1246
1246
1543
2969
1697
580
1337
220
1838
817
2078
415
2864
2473
1918
2163
2491
52
1200
965
1988
2209
1405
1711
2006
1960
306
1291
1930
1244
217
1892
952
1392
240
1453
568
138
1691
270
2746
787
680
1583
1088
253
2426
39
2530
597
2726
1361
799
2263
704
1096
296
2187
459
789
2209
2439
908
427
2765
1777
2362
1850
1455
1133
2019
1306
1839
1497
330
1124
198
557
1663
2844
2305
873
1135
1871
15
991
2000
2496
1223
2804
2264
849
286
1754
719
2490
405
2938
442
1015
728
326
1861
2163
2936
2927
1245
1920
636
2536
558
509
329
1347
949
1036
2494
830
2378
2929
914
2428
2359
1728
1320
1628
2282
1987
25
786
2070
1109
2727
1041
2014
2841
127
1569
712
1677
2057
1111
45
1708
1352
2854
1716
1563
510
2788
295
2183
1309
2913
526
936
2632
2870
340
1496
1193
242
1182
2817
827
334
2264
2018
1032
1810
2865
777
929
2064
360
1817
104
2737
1689
1555
1540
1151
2337
1919
2400
1394
513
1085
2326
1750
1785
1777
228
362
2357
2872
87
2974
1781
2559
1493
499
349
1664
853
1092
1445
803
1567
1373
2120
1124
2961
465
32
1617
522
1960
1214
1569
1217
222
997
2051
1221
1945
223
970
1173
1154
2064
438
1320
2704
2313
1517
1637
1465
561
2175
2786
641
1572
396
212
510
568
99
1619
2042
636
2072
875
2206
1383
526
2571
536
1453
859
704
386
1365
1621
977
1985
1439
2958
1611
983
196
2582
2437
2096
676
1859
2086
2740
2876
1348
2356
156
329
253
2710
973
1172
1882
846
376
759
1593
2398
2285
1894
2074
464
773
469
451
345
13
2165
1702
2730
400
308
105
1890
849
1576
527
919
371
1491
2072
1897
1608
2420
2270
2013
1780
1038
1149
2712
2973
1048
2888
1906
2696
487
721
1676
2782
2646
1397
1768
137
2018
882
122
865
1372
978
1721
2740
2243
211
2806
472
2315
2970
368
2517
441
1258
1755
1396
1026
2776
492
578
745
2791
2031
1869
2896
1714
1176
2547
2292
1264
2310
1149
1392
2482
2687
1541
2648
1382
1153
1297
1873
2841
1101
1287
1108
1512
2400
430
2079
2637
736
171
2244
1165
301
2819
2068
2457
1581
187
817
1652
2638
2405
212
1892
1726
159
1253
1085
705
216
1089
1868
1749
1194
775
131
1429
1820
1749
1060
2101
589
1923
1976
292
101
2942
105
1246
727
1398
2322
249
1873
1737
2074
183
853
944
1233
2657
2697
268
2506
2931
2601
2998
219
2270
1044
828
1877
1927
1937
2136
517
227
729
2646
369
28
2561
1779
1549
450
2415
417
1223
69
2757
1261
2308
1278
2400
2648
339
1896
377
1223
1131
1286
1043
2078
830
792
2252
2843
2131
1371
307
925
2542
969
1600
2926
549
70
2622
2149
964
2763
454
1642
583
2201
1095
535
2066
888
732
1192
1144
1460
55
2869
2607
500
1071
159
2812
2854
488
2927
125
2659
604
670
2114
2782
705
917
2104
125
216
1111
2274
1221
2523
2318
2092
536
1737
1439
1996
2938
1907
81
1155
2980
2098
1560
806
1970
1514
838
2584
585
1644
950
566
1208
1904
361
722
2485
1345
959
475
1502
2999
1737
1982
1022
852
1306
1946
2748
170
1977
424
327
332
2558
1459
443
921
198
605
1083
2246
370
1984
2777
2460
561
994
2510
1374
947
618
907
2303
1382
1861
2268
2862
1899
527
938
1992
1741
803
2055
1731
854
1842
2648
2897
123
485
291
1820
1445
2242
2878
2327
567
2618
1407
237
1385
1606
1445
2522
2553
1526
403
272
996
659
2148
2078
2984
1055
1355
967
2068
1379
2214
2903
1279
1926
2734
2819
786
834
405
586
1412
706
888
1177
2407
1859
2171
992
2933
716
2529
2984
2373
1683
2423
1594
1905
2417
2442
1219
2981
267
2102
2261
318
1655
2862
1990
630
1037
2345
1264
2981
1076
2236
1381
1701
2960
1284
597
2402
1592
1060
1327
1471
2990
1448
882
121
1282
1737
1682
1546
373
2925
1555
1632
2406
540
743
299
2085
3
2266
2947
890
1614
874
1979
1233
531
2660
891
2859
978
2017
14
2840
982
758
1679
2411
238
2600
1739
709
509
1505
1617
1119
2220
1841
2675
2275
720
213
1077
2909
657
1404
260
550
721
336
240
1452
326
2693
2216
2936
595
287
2358
1556
1060
2044
2018
1931
1920
522
2396
2599
1661
809
423
2196
661
1015
2930
1054
535
1227
1033
2999
1176
1888
2111
1679
2123
1337
1836
1427
2694
1550
1812
341
546
1442
1604
2812
2351
2166
2138
1106
1928
104
117
2476
2080
233
147
1340
2119
1784
1572
850
1552
1056
924
2160
1005
866
854
949
2079
1228
1066
1491
217
826
406
2076
1674
1108
1476
1912
1045
473
2451
993
2230
1737
393
2780
1035
1115
413
2775
1536
2669
1374
1478
412
2426
2130
2942
1593
1939
1910
2692
2560
1879
1654
290
2530
1507
1609
995
507
1289
847
2137
443
42
2851
2447
1213
1015
2649
1850
2983
1028
1196
90
1401
2368
2427
1181
1265
211
2586
2816
2846
2559
2215
327
1718
493
607
1364
2826
1204
1654
2745
1353
1282
1145
1427
2110
1169
1330
1839
2366
2621
105
603
1197
723
2324
2206
347
687
1496
1976
1513
1147
1898
1071
1278
1656
2285
1336
2998
422
112
562
2829
424
1346
2769
1571
899
104
1036
550
234
718
798
1260
1040
761
2325
762
2228
1044
945
480
1631
1844
2110
1311
2229
1249
1707
525
514
339
1518
2444
1915
1856
2215
2988
89
1739
2354
2728
2118
604
1308
1385
2129
1706
2485
1394
2852
2069
1078
524
631
57
128
235
1991
550
1437
2278
886
252
1477
2947
1851
1375
2481
2979
2736
7
701
665
2722
1938
870
2315
1605
649
1744
395
2411
631
2991
25
0
579
347
2372
2837
878
1609
1333
2032
366
1247
1450
192
2991
1528
2636
2675
1732
1883
724
1420
2648
1591
2497
2785
769
1334
680
446
748
1976
1848
283
1414
2613
935
1288
1618
1586
1316
688
2496
1880
1473
268
1540
2167
1927
938
1934
205
357
1945
1034
1244
319
430
343
2739
1173
816
2092
1940
1217
972
1626
514
1700
1327
895
2590
1790
924
908
1348
2810
1975
2763
355
1900
2733
2479
1718
833
708
1801
1466
843
2853
555
1175
385
1526
1910
986
2561
1949
1280
1099
1931
1722
885
2476
2039
1360
391
2468
683
535
2876
1791
2473
2944
2813
345
1627
1062
2854
2241
1252
2342
1436
2942
677
2761
284
1696
147
1368
1322
551
197
2897
2405
578
2780
727
576
2074
2875
2623
679
721
2963
2439
2623
2578
1544
667
391
642
931
756
1979
2330
237
1604
1647
2408
2043
1003
1641
176
114
1330
1313
1500
794
1129
1811
2592
2774
2475
347
1033
1386
1537
256
1172
1500
2660
2334
1135
1692
1788
1317
2486
2024
2489
1307
85
132
100
1552
1675
118
193
2339
2167
2591
2727
60
1749
2593
1289
766
836
2418
168
397
1572
248
240
2105
1327
1340
20
2353
1976
1678
1294
1917
1520
1339
7
2627
1681
1390
506
582
634
870
634
909
2590
66
1435
590
2328
976
1533
1078
713
1815
1843
1605
1843
1979
1987
1802
2987
107
1486
2483
1229
2107
1723
687
1746
128
24
112
2898
1153
1250
2611
2979
1356
1101
95
1525
99
2963
2462
228
2948
272
119
436
666
63
2264
2383
2562
1739
118
140
998
537
336
584
2049
2711
641
746
2634
1707
438
1471
1722
2682
492
461
2431
2712
1920
1079
1738
111
1674
2136
1062
945
96
72
77
849
571
2202
870
155
2926
1418
969
730
1763
829
2067
742
2628
2871
2744
368
1662
1740
2748
904
2819
513
1259
1448
2622
110
1196
6
2004
1179
121
102
1135
1046
2521
2168
1676
2144
1494
1217
1813
2468
447
2783
1718
2379
615
225
2475
1750
2591
771
1734
299
1565
2562
2804
912
2060
1739
365
264
1087
2078
2886
1617
2897
618
129
973
2481
1116
1539
151
2713
2440
489
1370
1888
1421
792
785
1800
2107
788
2116
767
2170
906
2009
1922
2319
2540
2260
1150
1859
2447
1982
1587
827
2099
1717
1943
955
2646
885
1139
1570
1220
1174
2323
167
1203
1508
383
836
2947
727
2170
2924
979
2490
2025
2441
1754
1191
2384
1026
377
176
2044
949
800
230
256
1895
2910
2607
865
455
255
120
2222
2618
2106
1739
2020
590
2503
405
1714
1841
1047
1250
577
350
823
2549
806
1972
2322
555
548
1660
1746
2291
0
2496
1542
859
2009
2062
2102
383
2983
211
2703
2655
2463
217
1950
2370
2021
2289
732
921
1782
2487
2090
330
107
94
484
193
1883
2559
122
2485
2546
2853
2321
451
51
1055
1482
1501
1275
503
934
2495
1131
2071
1146
704
2039
2623
1827
2550
160
244
980
184
1437
2681
2614
1752
1828
526
958
2996
2844
2428
1818
2812
922
1490
1184
2278
418
2835
1285
2534
2793
2964
600
1253
1089
202
2255
2503
1990
651
504
2772
138
162
2221
2502
137
134
1904
315
1316
2076
121
959
774
2011
2674
1324
84
693
2311
2556
290
1732
65
774
1332
2304
187
999
589
954
540
185
1666
573
1246
2949
1977
2444
975
1906
205
1065
379
550
1095
243
2447
1664
2176
630
1008
2476
1986
1347
1981
2532
24
1179
2578
2840
2800
2993
1002
2293
2333
2437
46
2554
1832
1387
2944
2203
1889
2588
1857
2097
404
2373
322
1913
620
418
1548
927
2106
2521
1476
671
2176
2089
2494
934
469
672
2106
1212
881
1010
499
1763
1928
2653
2827
1513
603
2500
1714
1118
1514
2078
1393
596
1255
427
1628
625
351
2793
2488
690
1199
2770
2901
1759
661
755
1758
530
2576
838
1047
94
2670
1862
1107
780
2390
1061
971
477
823
2159
2464
380
1569
205
2293
2727
1726
85
338
2116
1721
2713
2438
2910
837
2941
215
1284
2890
2270
1432
612
1283
1320
458
1642
1289
1853
2088
1047
1438
999
162
631
588
1201
2057
2501
2523
1720
2249
895
546
1117
2435
2752
1589
2333
1408
2251
2219
1985
285
1304
751
710
1053
2264
152
2840
1917
2983
2592
2567
1276
2500
1815
145
2215
919
1120
2268
419
1364
867
2701
1920
453
1617
416
1286
280
2515
2060
293
452
2754
2238
2980
2990
1417
2021
2533
1682
734
1293
1437
1265
1532
2994
486
1370
2580
1965
343
2608
2848
2085
2907
1537
2588
2030
58
1233
1950
1053
1503
1480
1319
952
373
242
1368
2518
39
1824
109
1126
1403
346
2539
686
564
908
2378
2769
1895
69
2602
2288
527
2224
2695
1522
2925
842
1369
1974
566
2137
168
2197
736
1636
2765
516
1694
167
2147
2531
2401
1033
1356
1236
2660
2100
2386
1762
741
1248
1273
2376
2957
39
2317
278
1189
2683
1962
2835
2121
2794
1240
2206
1886
1460
2413
1853
2507
164
1158
2769
2644
2194
2797
415
1433
1895
75
1989
2113
1251
2237
1092
2142
1355
199
169
2332
1729
1984
1900
1108
2304
1149
1314
2287
2757
1431
2408
10
1896
1557
1383
1775
2932
695
1642
884
2570
2905
1121
1159
1769
310
828
2118
1061
1505
1162
2217
1912
1198
1925
2175
477
2463
1658
136
246
2570
2497
2333
2284
1082
1312
2291
1108
205
2136
2106
2869
906
1663
1569
2477
148
1596
108
905
1415
1543
12
226
2550
1934
608
2881
185
2536
713
808